-0.60264211,-0.31413899,-0.41505798,-0.34954411, 0.16301472, 0.33936157,
 -0.25740832,-0.02259975, 0.02586242,-0.5903757 ,-0.73803659,-0.16535126,
 -0.17325088,-0.55761808,-0.02814762,-0.56593394,-0.37537818, 1.10978661,
 -0.13284444,-0.1714957 ,-0.41226276,-0.188263  ,-0.09528005,-0.45854854,
 -0.54640612,-0.26942274,-0.45600122,-0.56493494,-0.44255309,-0.54589357,
 -0.29003815, 0.34935675, 0.26362615,-0.11726787,-0.00717866,-0.02428817,
  0.4070389 , 1.16267383, 1.4097343 , 0.34418651,-0.62705183,-0.23431254,
  0.22753525, 0.83091858, 1.20227095, 1.03076053, 0.44831282, 0.46983169,
  0.17701744, 0.16675188, 0.43532593,-0.07339138,-0.0263033 , 0.29904532,
  0.92355279, 0.02472399, 0.09174084, 0.26595965,-0.04772795,-0.14269519,
 -0.07025121, 0.33771731, 0.91803291, 0.93519458, 0.92473751, 1.14439993,
  0.11577369, 0.15420361, 0.37068616, 0.84487547, 1.46844232, 1.3109736 ,
  0.03231075,-0.13828752,-0.26641092,-0.3712901 ,-0.30541131,-0.03381147,
  0.26070453, 0.5351577 , 0.07914289,-0.20268649, 0.01523162,-0.44782662,
 -0.46012516,-0.37238613,-0.02588961,-0.25170014,-0.08882505,-0.46678988,
  0.02437433, 0.48181911, 0.07986812, 0.28120664, 0.31296801, 0.52254908,
  0.97219542, 1.52526754,-1.33612049,-0.9438619 ,-1.39947562,-0.84668213,
 -0.73326983,-0.4793009 ,-0.27760499,-0.17933934, 0.11030177,-0.60813086,
  0.27420337, 0.87959587,-0.6758031 , 0.20985138, 0.02490487,-0.14490653,
  0.16540813, 0.08337768,-0.98029286,-0.99528245, 0.2235036 , 0.6400486 ,
  0.46248468, 0.50288199, 0.56593298,-0.01999212,-0.96542006,-0.4837896 ,
 -0.01415727, 0.61993575, 0.85037809, 0.72203267, 0.17444553,-0.17871092,
  0.3431885 ,-0.54230204,-0.37342868, 1.13867021, 0.14410184,-0.04606705,
  0.21627416,-0.06117124,-0.08697981, 0.0354431 , 0.06546343, 0.21563289,
  0.20095039, 0.34160329, 0.13039617,-0.41325527, 0.29818555,-0.91905331,
 -0.05667082, 0.2368763 , 0.33196718, 0.6482605 , 0.44703495,-0.28421742,
 -0.57727714, 0.0736724 , 0.30215872, 0.14572373, 0.77868197, 0.109771  ,
  0.02952765, 0.06790533,-0.34009771,-0.0121213 ,-0.12335821, 0.1925366 ,
 -0.46611554,-0.25256162, 0.10095572, 0.10674935, 0.4733624 , 0.06329726,
 -0.34268208,-0.67939846, 0.61530972,-0.5404572 ,-0.26117289, 0.24423243,
  0.18370523, 0.49520375,-0.00906134,-0.33706265,-0.09237115,-0.2885169 ,
  1.12156639,-0.89566946, 0.32942138, 0.02408758,-0.20152304, 0.19507998,
  0.15916271,-0.09220736,-1.13930828,-1.38794394, 0.36841431, 0.98427273,
  0.55877124, 0.40362275, 0.57677125,-0.46159885,-0.75544664,-1.37053075,
 -0.75418173,-0.55065633, 0.62779371, 1.30435513, 0.81125709,-0.48948683,
 -1.13797347, 0.18812638,-0.60009344,-0.53257682, 1.7224229 , 0.1396092 ,
 -0.12692876, 0.17822897,-0.14293988,-0.08951957,-0.02601705, 0.19528493,
  0.01201262, 0.13490139, 0.09764275, 0.2423182 , 0.01493996,-0.55234737,
  0.08019032, 0.63990019,-1.48551061,-0.47326741, 0.00909818, 0.47748469,
  0.93205795, 0.28952784,-0.86307126,-0.15532583,-0.0392939 , 0.72633513,
  0.21412258, 1.22759796, 0.0504844 ,-0.08898791,-0.05163408,-0.68725932,
 -0.25526021,-0.08176471, 0.34048568, 0.20793782,-0.04142521, 0.03859269,
 -0.11132411,-0.1379085 ,-0.02114144, 0.08346109, 0.4154539 ,-0.09637793,
 -0.6289057 , 0.07889803, 0.69448834,-0.74208221,-0.72854565, 0.01903504,
  0.26982627, 0.80473737,-0.56055563,-1.0591793 ,-1.23802041, 1.89457172,
 -1.6211378 , 0.58302347, 0.01361585,-0.36082645, 0.35976023, 0.29475177,
 -1.22687569,-1.50241287, 0.28699374,-0.7435274 ,-0.64157728, 2.27242756,
  0.21208535,-0.13812929, 0.26954956,-0.19372481, 0.0044225 , 0.42490445,
 -0.04547463, 0.40915842, 0.28398046, 0.79266339,-0.05215318,-0.98079357,
  0.65696661,-0.16298013, 1.32668941, 0.29796139, 1.78903346, 0.05664531,
 -0.11983199,-0.09295521,-1.007397  ,-0.23476077, 0.2628368 , 0.90045362,
 -1.18710236,-0.98345909, 0.15591991, 0.35399649, 1.12629695,-0.16072698,
 -1.03674691,-0.84161904,-0.78883741, 0.05166366, 0.30085017, 0.96344807,
 -0.61913093,-1.1719308 , 0.72193829,-1.27448038,-0.1835435 ,-1.36869423,
 -0.7830545 ,-0.15148674, 0.19434209, 1.30526782, 0.13693987,-0.08894966,
 -0.55326402,-1.18836002,-0.68713419,-0.34270182,-0.37471356, 0.7046127 ,
  0.13584317,-0.43917953,-0.41572571,-0.98575927,-1.0804406 ,-0.05955195,
  1.03840678, 1.24975644,-0.56188227, 0.22766151, 0.47013907,-1.19149873,
 -0.61151406,-0.21232006,-0.10861146, 0.72776619,-0.32315506, 0.02554065,
  0.27565587,-0.63837286,-0.35274862,-0.54782376, 0.66284547, 0.89675983,
 -1.02472413, 0.65112839, 0.62886079, 0.41851395, 0.02873177,-0.53553788,
 -0.08125175, 0.56023583,-0.81513775,-1.39567859,-0.51330948,-1.63152295,
 -0.70640807,-0.2748675 ,-0.0071977 , 1.19413089,-0.84447502,-0.50722227,
 -0.85492706,-1.02878801, 0.52473925, 0.53645417,-0.43101349,-0.30309865,
 -0.63754404, 0.7926446 , 0.97611679,-1.1597284 , 0.14187897,-0.12609562,
 -0.46318147,-0.31733908,-0.51435235, 0.76518719, 1.30419037, 0.26101983,
  0.2330016 , 0.33675815,-0.44512948, 0.26224213, 0.49967748,-0.79740632,
  0.47599054, 0.56749025, 0.69600459, 0.21245614,-0.13166892,-0.36927855,
 -0.22114093,-0.12490216, 0.50418461,-0.41912531,-0.54833769, 1.16718011,
 -0.2115319 ,-0.18790449, 0.99187072,-0.19980947,-0.07378272,-0.22302221,
  0.24324361,-0.43882919,-0.89970547,-0.55679972,-0.41911569,-0.25690371,
 -1.21994773,-0.14216311,-0.15479319, 0.1882017 , 0.27165167,-0.29526476,
 -0.08812401, 0.03695348,-0.01254144,-0.69709839,-0.40749662,-0.68593796,
 -0.29520931,-0.14323234,-0.07345507,-0.0208304 , 0.18897256, 0.22865595,
  0.42974893, 0.55289332, 0.76155949, 1.03099884, 0.73642269, 0.72380751,
 -0.4330535 ,-0.23546203,-0.25864551,-0.08223692,-0.02032223,-0.00501798,
 -0.01757297, 0.41699547, 0.54201578,-0.38109373,-0.29947264,-0.24128973,
 -0.83998025,-0.15517284,-0.76312756,-0.05386951, 2.47864097,-0.06039655,
 -0.41755285,-0.03147311, 0.95106978,-0.82321644,-0.49767786,-0.37612573,
 -0.00889789,-0.36121009,-0.00663198,-0.14437421, 0.59505748,-0.30627056,
 -0.01541281,-0.34038428,-0.51229354,-0.48776282,-0.26707312,-0.35679229,
 -0.05954337,-0.47970151, 0.43267145,-0.60332179,-0.21059033,-0.05275852,
 -0.02063781,-0.12661852,-0.01754888,-0.07048752,-0.22831856, 2.52717497,
 -0.21349042,-0.05008309,-0.23844646,-0.01876095,-0.0331774 ,-0.04042599,
 -0.01483085,-0.03489807,-0.01914795,-0.00937924, 0.        ,-0.0728478 ,
 -0.0722405 ,-0.01624674, 0.02347133,-0.53649894, 0.18951051, 0.05989589,
 -0.29758564,-0.42769225, 0.20271795, 0.20117714,-0.34107823,-0.04144576,
  0.05027484, 0.01872013, 0.12119826, 0.01717607, 0.04675939, 0.23150005,
  0.0183376 , 0.0289882 , 0.04022886,-0.00529061, 0.00487353, 0.00937924,
  0.        , 0.06872471, 0.015728  ,-1.34975691,-0.16611867,-0.88282358,
  2.05923458, 0.60361196, 0.14322847,-0.23318935, 0.86200128, 0.84548305,
 -0.51933539, 0.27919832,-0.3998955 ,-0.15246687, 0.89423525,-0.32369265,
 -0.21747165,-0.37127778,-0.6075186 ,-0.55996466, 0.28351342,-0.38086518,
 -0.69942027, 0.46771071,-0.87678536,-0.23510947, 0.05481391, 0.12965828,
  2.01007813,-0.22611304, 0.25601643,-0.43559394,-0.00380097,-0.20323858,
 -0.08021468,-0.57129137, 0.34179498,-0.21908455, 1.4811335 , 0.30643895,
 -0.28429009,-0.78462131,-0.20202054,-0.4641676 ,-0.27354091, 0.43954818,
 -0.09274392, 0.55658403,-0.84102579,-0.85959732,-0.44799288,-0.4163084 ,
 -0.0265435 ,-0.37885242, 0.02499668,-0.55711365,-0.50050274,-0.32713322,
 -0.16487077,-0.86063886, 0.41282842, 0.42235593, 1.14560218, 0.03529408,
 -0.05022733, 0.41568567, 0.57073671, 0.2449094 ,-0.06262381,-0.04105784,
 -0.41279794, 1.28905267,-0.49353024,-0.25383166, 0.52621543,-1.03489565,
 -1.20016162,-0.50553639, 0.80627092,-0.37599115,-0.61667013, 0.39203465,
  1.07461593,-0.9163222 ,-0.09636856, 0.20089501,-0.51112905, 0.30054799,
 -0.42527714,-0.1281107 ,-0.23608153,-0.17868197,-0.42326686,-0.48855343,
 -0.28526697, 0.50409246, 0.67742364, 0.66870626,-0.96176381, 1.03921789,
 -0.72652384,-0.41716952,-0.41122666, 0.66632455,-0.36414747,-1.11648958,
 -0.63873879,-0.71979099,-0.65738913,-0.53158661, 1.96041503,-0.35649413,
 -0.24326903,-0.12531666,-0.50047528,-0.73741278,-0.87394354, 0.2147601 ,
 -0.61542191,-0.26290982,-0.70777574,-0.37406718,-0.64089502,-0.75712275,
  0.37598521,-0.3248068 , 0.0048798 , 0.1227766 ,-0.50389328,-0.51238036,
 -0.20167856,-0.64352478, 0.04496991,-0.77531892,-0.09839683, 0.82335529,
 -0.5465933 ,-0.95165117,-0.04395666,-0.00663198,-0.00937924,-0.01762696,
 -0.02440586,-0.01154374,-0.00552704,-0.34646046,-0.33340284,-0.38181847,
 -0.77817714,-0.63707644,-0.29447737, 0.31925609,-0.54137082,-0.34685034,
 -0.62557889,-0.32316047,-0.17425323,-0.24117125,-0.39023553,-0.30905956,
 -0.18032341,-0.2944106 ,-0.2279968 ,-0.43417963,-0.44752895,-0.22284463,
 -0.36688332, 0.0069169 , 0.39179347,-0.44752173,-0.30196247,-0.29555693,
 -0.0066377 ,-0.38843527,-0.39171237,-0.38327401,-0.71440907,-0.42879477,
 -0.09602728, 0.55993976,-0.74346865,-0.16001224,-0.07224133,-0.04468118,
 -0.04416495,-0.02321766,-0.02587324,-0.09722876,-0.08540007,-0.12411034,
 -0.08051734, 0.7304439 ,-0.71197466,-0.11984475,-0.04111375,-0.02382827,
 -0.01799906,-0.01547612,-0.00663198,-0.01624674,-0.4544804 ,-0.49573842,
 -0.08065121,-0.01326483,-0.69551727,-0.55943145,-0.01326483, 0.05942945,
  1.05980744,-0.48063752,-0.15402235, 0.45861376, 1.43022707,-0.39588355,
 -0.85192833,-0.00937924,-0.01876095,-0.08513983,-0.11261451,-0.34857827,
 -0.35000732,-0.07465669,-0.10160308,-0.50657859,-0.70641242,-0.01754888,
 -0.04096688,-0.28678761,-0.06757865,-0.09488858,-0.42951071,-0.49541506,
 -0.06697905,-0.27269218,-0.28351723,-0.00663198,-0.04403321,-0.23786653,
 -0.46207571,-0.24130615,-0.57621155,-0.09012565,-0.21567151,-0.19502373,
 -0.09156917,-0.42850619,-0.46220214,-0.19837315,-0.14762103,-0.08435672,
 -0.34969124,-0.56949757,-0.40878636,-0.12683025,-0.50324671,-0.44117722,
 -1.06095954, 0.45698945,-1.59572506,-0.6477311 ,-0.11662288,-0.01917879,
  0.20201231, 0.56947664, 1.82469771,-0.60874947,-0.31958229, 0.67947374,